       0.000        0.000        0.000        0.000        0.000        0.000
       0.596        0.000        0.000        0.000        0.000        0.000
       0.596        0.000        0.000        0.000        0.000        0.000
       1.434        0.000        0.000        0.000        0.000        0.000
       1.434        0.417        0.717        0.417        0.417        0.000
       1.913        0.596        1.024        0.596        0.596        0.071
       1.913        1.183        2.047        1.183        1.183        0.446
       2.178        1.434        2.486        1.434        1.434        0.693
       2.178        1.770        3.067        1.770        1.770        1.220
       2.220        1.913        3.317        1.913        1.913        1.485
       2.220        2.099        3.633        2.099        2.099        1.786
       2.312        2.178        3.769        2.178        2.178        1.936
       2.312        2.208        3.829        2.208        2.208        2.102
       2.566        2.220        3.855        2.220        2.220        2.173
       2.566        2.285        3.972        2.285        2.285        2.199
       2.902        2.312        4.022        2.312        2.312        2.221

